#钢精加工0-400mm												
E0000	2	19	2	4	3	0	0	2				
E0001	2	19	2	4	3	0	0	2				
E0002	3	19	2	4	3	0	0	2				
E0003	3	29	3	4	3	0	0	2				
E0004	3	29	3	4	3	0	0	2				
E0005	4	29	3	4	3	0	0	2				
E0006	5	29	3	4	3	0	0	2				
E0007	6	29	3	4	3	0	0	2				
E0008	9	39	3	4	3	0	0	2				
E0009	10	39	3	4	3	0	0	2				
E0010	11	39	3	4	3	0	0	2				
E0011	8	49	4	4	3	0	0	2				
E0012	9	49	4	4	3	0	0	2				
E0013	11	59	4	5	3	0	0	2				
E0014	11	49	4	5	3	0	0	2				
E0015	12	49	4	5	3	0	0	2				
E0016	15	69	4	5	3	0	0	2				
E0017	15	69	4	5	3	0	0	2				
E0018	15	79	5	6	3	0	0	2				
E0019	15	79	5	6	3	0	0	2				
E0020	15	79	5	6	3	0	0	2				
E0021	15	59	4	6	3	0	0	2				
E0022	15	59	4	6	3	0	0	2				
E023	15	59	4	6	3	0	0	2				
E024	15	59	4	6	3	0	0	2				
E025	15	59	4	6	3	0	0	2				
E026	18	59	5	6	3	0	0	2				
E027	18	59	5	6	3	0	0	2				
E028	18	59	5	6	3	0	0	2				
E029	18	59	5	6	3	0	0	2				
E030	18	59	5	6	3	0	0	2				
E031	18	109	7	6	3	0	0	0				
E032	18	109	7	6	3	0	0	0				
E033	18	109	7	6	3	0	0	0				
E034	18	109	7	6	3	0	0	0				
E035	18	109	7	6	3	0	0	0				
E036	18	109	7	6	3	0	0	0				
E037	18	109	7	6	3	0	0	0				
E038	18	109	7	6	3	0	0	0				
E039	18	109	7	6	3	0	0	0				
E0040	18	109	7	6	3	0	0	0				
#钢精加工400-500mm扩展自0040												
E0041	18	109	7	6	3	0	0	0				
E0042	18	109	7	6	3	0	0	0				
E0043	18	109	7	6	3	0	0	0				
E0044	18	109	7	6	3	0	0	0				
E0045	18	109	7	6	3	0	0	0				
E0046	18	109	7	6	3	0	0	0				
E0047	18	109	7	6	3	0	0	0				
E0048	18	109	7	6	3	0	0	0				
E0049	18	109	7	6	3	0	0	0				
E0050	18	109	7	6	3	0	0	0				
#钢中加工0-400mm												
E0100	2	19	2	4	3	0	0	2				
E0101	2	19	2	4	3	0	0	2				
E0102	3	19	2	4	3	0	0	2				
E0103	3	29	3	4	3	0	0	2				
E0104	6	29	3	4	3	0	0	2				
E0105	8	39	3	4	3	0	0	2				
E0106	9	39	3	4	3	0	0	2				
E0107	10	39	3	4	3	0	0	2				
E0108	8	49	4	4	3	0	0	2				
E0109	11	59	4	4	3	0	0	2				
E0110	11	49	4	5	3	0	0	2				
E0111	12	49	4	5	3	0	0	2				
E0112	15	69	4	5	3	0	0	2				
E0113	17	69	4	5	3	0	0	2				
E0114	19	69	4	5	3	0	0	2				
E0115	15	79	5	5	3	0	0	2				
E0116	17	79	5	5	3	0	0	2				
E0117	19	79	5	6	3	0	0	2				
E0118	20	89	6	6	3	0	0	2				
E0119	23	89	6	6	3	0	0	2				
E0120	25	109	7	7	3	0	0	2				
E121	25	109	7	6	3	0	0	2				
E122	25	109	7	6	3	0	0	2				
E123	25	109	7	6	3	0	0	2				
E124	25	109	7	6	3	0	0	2				
E125	25	109	7	6	3	0	0	2				
E126	25	109	7	6	3	0	0	2				
E127	25	109	7	6	3	0	0	2				
E128	25	109	7	6	3	0	0	2				
E129	25	109	7	6	3	0	0	2				
E130	25	109	7	6	3	0	0	2				
E131	22	109	7	6	3	0	0	0				
E132	22	109	7	6	3	0	0	0				
E133	22	109	7	6	3	0	0	0				
E134	22	109	7	6	3	0	0	0				
E135	22	109	7	6	3	0	0	0				
E136	22	109	7	6	3	0	0	0				
E137	22	109	7	6	3	0	0	0				
E138	22	109	7	6	3	0	0	0				
E139	22	109	7	6	3	0	0	0				
E140	22	109	7	6	3	0	0	0				
#钢中加工400-500mm扩展自140												
E141	22	109	7	6	3	0	0	0				
E142	22	109	7	6	3	0	0	0				
E143	22	109	7	6	3	0	0	0				
E144	22	109	7	6	3	0	0	0				
E145	22	109	7	6	3	0	0	0				
E146	22	109	7	6	3	0	0	0				
E147	22	109	7	6	3	0	0	0				
E148	22	109	7	6	3	0	0	0				
E149	22	109	7	6	3	0	0	0				
E150	22	109	7	6	3	0	0	0				
#钢粗加工0-400mm												
E0200	8	39	2	4	3	0	0	2				
E0201	8	39	2	4	3	0	0	2				
E0202	8	29	4	4	3	0	0	2				
E0203	10	29	3	4	3	0	0	2				
E0204	11	29	3	4	3	0	0	2				
E0205	15	59	4	4	3	0	0	2				
E0206	17	59	4	5	3	0	0	2				
E0207	18	59	4	5	3	0	0	2				
E0208	15	59	5	5	3	0	0	2				
E0209	16	59	5	5	3	0	0	2				
E0210	18	59	5	6	3	0	0	2				
E0211	18	59	5	6	3	0	0	2				
E0212	18	59	5	6	3	0	0	2				
E0213	18	59	5	6	3	0	0	2				
E0214	18	59	5	6	3	0	0	2				
E0215	18	59	5	6	3	0	0	2				
E0216	20	59	5	6	3	0	0	2				
E0217	20	59	5	6	3	0	0	2				
E0218	20	69	6	6	3	0	0	2				
E0219	22	69	6	6	3	0	0	2				
E220	25	99	8	6	3	0	0	2				
E221	25	99	8	6	3	0	0	2				
E222	25	99	8	6	3	0	0	2				
E223	25	99	8	6	3	0	0	2				
E224	25	99	8	6	3	0	0	2				
E225	25	99	8	6	3	0	0	2				
E226	25	99	8	6	3	0	0	2				
E227	25	99	8	6	3	0	0	2				
E228	25	99	8	6	3	0	0	2				
E229	25	99	8	6	3	0	0	2				
E230	25	99	8	6	3	0	0	2				
E231	22	99	8	6	3	0	0	0				
E232	22	99	8	6	3	0	0	0				
E233	22	99	8	6	3	0	0	0				
E234	22	99	8	6	3	0	0	0				
E235	22	99	8	6	3	0	0	0				
E236	22	99	8	6	3	0	0	0				
E237	22	99	8	6	3	0	0	0				
E238	22	99	8	6	3	0	0	0				
E239	22	99	8	6	3	0	0	0				
E240	22	99	8	6	3	0	0	0				
#钢粗加工400-500mm扩展自240												
E241	22	99	8	6	3	0	0	0				
E242	22	99	8	6	3	0	0	0				
E243	22	99	8	6	3	0	0	0				
E244	22	99	8	6	3	0	0	0				
E245	22	99	8	6	3	0	0	0				
E246	22	99	8	6	3	0	0	0				
E247	22	99	8	6	3	0	0	0				
E248	22	99	8	6	3	0	0	0				
E249	22	99	8	6	3	0	0	0				
E250	22	99	8	6	3	0	0	0				
#硬质合金精加工0-100mm												
E3000	2	19	2	4	3	0	0	2				
E3001	2	19	2	4	3	0	0	2				
E3002	3	19	2	4	3	0	0	2				
E3003	3	29	4	4	3	0	0	2				
E3004	3	29	3	4	3	1	0	2				
E3005	5	49	5	4	3	0	0	2				
E3006	7	59	5	4	3	0	0	2				
E3007	10	69	6	5	3	0	0	2				
E3008	12	79	6	6	3	0	0	2				
E3009	14	89	6	6	3	1	0	2				
E3010	15	89	7	6	3	0	0	2				
#硬质合金精加工100-500mm扩展自3010												
E3011	15	89	7	6	3	0	0	2				
E3012	15	89	7	6	3	0	0	2				
E3013	15	89	7	6	3	0	0	2				
E3014	15	89	7	6	3	0	0	2				
E3015	15	89	7	6	3	0	0	2				
E3016	15	89	7	6	3	0	0	2				
E3017	15	89	7	6	3	0	0	2				
E3018	15	89	7	6	3	0	0	2				
E3019	15	89	7	6	3	0	0	2				
E3020	15	89	7	6	3	0	0	2				
E3021	15	89	7	6	3	0	0	2				
E3022	15	89	7	6	3	0	0	2				
E3023	15	89	7	6	3	0	0	2				
E3024	15	89	7	6	3	0	0	2				
E3025	15	89	7	6	3	0	0	2				
E3026	15	89	7	6	3	0	0	2				
E3027	15	89	7	6	3	0	0	2				
E3028	15	89	7	6	3	0	0	2				
E3029	15	89	7	6	3	0	0	2				
E3030	15	89	7	6	3	0	0	2				
E3031	15	89	7	6	3	0	0	2				
E3032	15	89	7	6	3	0	0	2				
E3033	15	89	7	6	3	0	0	2				
E3034	15	89	7	6	3	0	0	2				
E3035	15	89	7	6	3	0	0	2				
E3036	15	89	7	6	3	0	0	2				
E3037	15	89	7	6	3	0	0	2				
E3038	15	89	7	6	3	0	0	2				
E3039	15	89	7	6	3	0	0	2				
E3040	15	89	7	6	3	0	0	2				
E3041	15	89	7	6	3	0	0	2				
E3042	15	89	7	6	3	0	0	2				
E3043	15	89	7	6	3	0	0	2				
E3044	15	89	7	6	3	0	0	2				
E3045	15	89	7	6	3	0	0	2				
E3046	15	89	7	6	3	0	0	2				
E3047	15	89	7	6	3	0	0	2				
E3048	15	89	7	6	3	0	0	2				
E3049	15	89	7	6	3	0	0	2				
E3050	15	89	7	6	3	0	0	2				
#硬质合金中加工0-100mm												
E3100	2	19	2	4	3	0	0	2				
E3101	2	19	2	4	3	0	0	2				
E3102	3	19	4	4	3	0	0	2				
E3103	3	39	4	4	3	1	0	2				
E3104	5	39	5	4	3	1	0	2				
E3105	8	59	6	4	3	0	0	2				
E3106	11	79	6	5	3	0	0	2				
E3107	14	89	6	5	3	1	0	2				
E3108	15	89	6	6	3	1	0	2				
E3109	18	99	7	6	3	1	0	2				
E3110	20	99	7	6	3	1	0	2				
#硬质合金中加工100-500mm扩展自3110												
E3111	20	99	7	6	3	1	0	2				
E3112	20	99	7	6	3	1	0	2				
E3113	20	99	7	6	3	1	0	2				
E3114	20	99	7	6	3	1	0	2				
E3115	20	99	7	6	3	1	0	2				
E3116	20	99	7	6	3	1	0	2				
E3117	20	99	7	6	3	1	0	2				
E3118	20	99	7	6	3	1	0	2				
E3119	20	99	7	6	3	1	0	2				
E3120	20	99	7	6	3	1	0	2				
E3121	20	99	7	6	3	1	0	2				
E3122	20	99	7	6	3	1	0	2				
E3123	20	99	7	6	3	1	0	2				
E3124	20	99	7	6	3	1	0	2				
E3125	20	99	7	6	3	1	0	2				
E3126	20	99	7	6	3	1	0	2				
E3127	20	99	7	6	3	1	0	2				
E3128	20	99	7	6	3	1	0	2				
E3129	20	99	7	6	3	1	0	2				
E3130	20	99	7	6	3	1	0	2				
E3131	20	99	7	6	3	1	0	2				
E3132	20	99	7	6	3	1	0	2				
E3133	20	99	7	6	3	1	0	2				
E3134	20	99	7	6	3	1	0	2				
E3135	20	99	7	6	3	1	0	2				
E3136	20	99	7	6	3	1	0	2				
E3137	20	99	7	6	3	1	0	2				
E3138	20	99	7	6	3	1	0	2				
E3139	20	99	7	6	3	1	0	2				
E3140	20	99	7	6	3	1	0	2				
E3141	20	99	7	6	3	1	0	2				
E3142	20	99	7	6	3	1	0	2				
E3143	20	99	7	6	3	1	0	2				
E3144	20	99	7	6	3	1	0	2				
E3145	20	99	7	6	3	1	0	2				
E3146	20	99	7	6	3	1	0	2				
E3147	20	99	7	6	3	1	0	2				
E3148	20	99	7	6	3	1	0	2				
E3149	20	99	7	6	3	1	0	2				
E3150	20	99	7	6	3	1	0	2				
#硬质合金粗加工，与硬质合金中加工相同												
E3200	2	19	2	4	3	0	0	2				
E3201	2	19	2	4	3	0	0	2				
E3202	3	19	4	4	3	0	0	2				
E3203	3	39	4	4	3	1	0	2				
E3204	5	39	5	4	3	1	0	2				
E3205	8	59	6	4	3	0	0	2				
E3206	11	79	6	5	3	0	0	2				
E3207	14	89	6	5	3	1	0	2				
E3208	15	89	6	6	3	1	0	2				
E3209	18	99	7	6	3	1	0	2				
E3210	20	99	7	6	3	1	0	2				
E3211	20	99	7	6	3	1	0	2				
E3212	20	99	7	6	3	1	0	2				
E3213	20	99	7	6	3	1	0	2				
E3214	20	99	7	6	3	1	0	2				
E3215	20	99	7	6	3	1	0	2				
E3216	20	99	7	6	3	1	0	2				
E3217	20	99	7	6	3	1	0	2				
E3218	20	99	7	6	3	1	0	2				
E3219	20	99	7	6	3	1	0	2				
E3220	20	99	7	6	3	1	0	2				
E3221	20	99	7	6	3	1	0	2				
E3222	20	99	7	6	3	1	0	2				
E3223	20	99	7	6	3	1	0	2				
E3224	20	99	7	6	3	1	0	2				
E3225	20	99	7	6	3	1	0	2				
E3226	20	99	7	6	3	1	0	2				
E3227	20	99	7	6	3	1	0	2				
E3228	20	99	7	6	3	1	0	2				
E3229	20	99	7	6	3	1	0	2				
E3230	20	99	7	6	3	1	0	2				
E3231	20	99	7	6	3	1	0	2				
E3232	20	99	7	6	3	1	0	2				
E3233	20	99	7	6	3	1	0	2				
E3234	20	99	7	6	3	1	0	2				
E3235	20	99	7	6	3	1	0	2				
E3236	20	99	7	6	3	1	0	2				
E3237	20	99	7	6	3	1	0	2				
E3238	20	99	7	6	3	1	0	2				
E3239	20	99	7	6	3	1	0	2				
E3240	20	99	7	6	3	1	0	2				
E3241	20	99	7	6	3	1	0	2				
E3242	20	99	7	6	3	1	0	2				
E3243	20	99	7	6	3	1	0	2				
E3244	20	99	7	6	3	1	0	2				
E3245	20	99	7	6	3	1	0	2				
E3246	20	99	7	6	3	1	0	2				
E3247	20	99	7	6	3	1	0	2				
E3248	20	99	7	6	3	1	0	2				
E3249	20	99	7	6	3	1	0	2				
E3250	20	99	7	6	3	1	0	2				
#钢分组加工0-50mm												
E0300	2	4	3	6	3	1	100	2				
E0301	2	4	3	6	3	1	100	2				
E0302	2	4	3	6	3	1	100	2				
E0303	2	4	3	6	3	0	100	2				
E0304	2	4	3	6	3	1	100	2				
E0305	3	4	5	6	3	0	100	2				
#钢分组加工50-500mm，扩展自305												
E0306	3	4	5	6	3	0	100	2				
E0307	3	4	5	6	3	0	100	2				
E0308	3	4	5	6	3	0	100	2				
E0309	3	4	5	6	3	0	100	2				
E0310	3	4	5	6	3	0	100	2				
E0311	3	4	5	6	3	0	100	2				
E0312	3	4	5	6	3	0	100	2				
E0313	3	4	5	6	3	0	100	2				
E0314	3	4	5	6	3	0	100	2				
E0315	3	4	5	6	3	0	100	2				
E0316	3	4	5	6	3	0	100	2				
E0317	3	4	5	6	3	0	100	2				
E0318	3	4	5	6	3	0	100	2				
E0319	3	4	5	6	3	0	100	2				
E0320	3	4	5	6	3	0	100	2				
E0321	3	4	5	6	3	0	100	2				
E0322	3	4	5	6	3	0	100	2				
E0323	3	4	5	6	3	0	100	2				
E0324	3	4	5	6	3	0	100	2				
E0325	3	4	5	6	3	0	100	2				
E0326	3	4	5	6	3	0	100	2				
E0327	3	4	5	6	3	0	100	2				
E0328	3	4	5	6	3	0	100	2				
E0329	3	4	5	6	3	0	100	2				
E0330	3	4	5	6	3	0	100	2				
E0331	3	4	5	6	3	0	100	2				
E0332	3	4	5	6	3	0	100	2				
E0333	3	4	5	6	3	0	100	2				
E0334	3	4	5	6	3	0	100	2				
E0335	3	4	5	6	3	0	100	2				
E0336	3	4	5	6	3	0	100	2				
E0337	3	4	5	6	3	0	100	2				
E0338	3	4	5	6	3	0	100	2				
E0339	3	4	5	6	3	0	100	2				
E0340	3	4	5	6	3	0	100	2				
E0341	3	4	5	6	3	0	100	2				
E0342	3	4	5	6	3	0	100	2				
E0343	3	4	5	6	3	0	100	2				
E0344	3	4	5	6	3	0	100	2				
E0345	3	4	5	6	3	0	100	2				
E0346	3	4	5	6	3	0	100	2				
E0347	3	4	5	6	3	0	100	2				
E0348	3	4	5	6	3	0	100	2				
E0349	3	4	5	6	3	0	100	2				
E0350	3	4	5	6	3	0	100	2				
#铝分组脉冲加工0-500与钢分组脉冲相同												
E1300	2	4	3	6	3	1	100	2				
E1301	2	4	3	6	3	1	100	2				
E1302	2	4	3	6	3	1	100	2				
E1303	2	4	3	6	3	0	100	2				
E1304	2	4	3	6	3	1	100	2				
E1305	3	4	5	6	3	0	100	2				
E1306	3	4	5	6	3	0	100	2				
E1307	3	4	5	6	3	0	100	2				
E1308	3	4	5	6	3	0	100	2				
E1309	3	4	5	6	3	0	100	2				
E1310	3	4	5	6	3	0	100	2				
E1311	3	4	5	6	3	0	100	2				
E1312	3	4	5	6	3	0	100	2				
E1313	3	4	5	6	3	0	100	2				
E1314	3	4	5	6	3	0	100	2				
E1315	3	4	5	6	3	0	100	2				
E1316	3	4	5	6	3	0	100	2				
E1317	3	4	5	6	3	0	100	2				
E1318	3	4	5	6	3	0	100	2				
E1319	3	4	5	6	3	0	100	2				
E1320	3	4	5	6	3	0	100	2				
E1321	3	4	5	6	3	0	100	2				
E1322	3	4	5	6	3	0	100	2				
E1323	3	4	5	6	3	0	100	2				
E1324	3	4	5	6	3	0	100	2				
E1325	3	4	5	6	3	0	100	2				
E1326	3	4	5	6	3	0	100	2				
E1327	3	4	5	6	3	0	100	2				
E1328	3	4	5	6	3	0	100	2				
E1329	3	4	5	6	3	0	100	2				
E1330	3	4	5	6	3	0	100	2				
E1331	3	4	5	6	3	0	100	2				
E1332	3	4	5	6	3	0	100	2				
E1333	3	4	5	6	3	0	100	2				
E1334	3	4	5	6	3	0	100	2				
E1335	3	4	5	6	3	0	100	2				
E1336	3	4	5	6	3	0	100	2				
E1337	3	4	5	6	3	0	100	2				
E1338	3	4	5	6	3	0	100	2				
E1339	3	4	5	6	3	0	100	2				
E1340	3	4	5	6	3	0	100	2				
E1341	3	4	5	6	3	0	100	2				
E1342	3	4	5	6	3	0	100	2				
E1343	3	4	5	6	3	0	100	2				
E1344	3	4	5	6	3	0	100	2				
E1345	3	4	5	6	3	0	100	2				
E1346	3	4	5	6	3	0	100	2				
E1347	3	4	5	6	3	0	100	2				
E1348	3	4	5	6	3	0	100	2				
E1349	3	4	5	6	3	0	100	2				
E1350	3	4	5	6	3	0	100	2				
#铜分组脉冲0-500与钢分组脉冲相同												
E2300	2	4	3	6	3	1	100	2				
E2301	2	4	3	6	3	1	100	2				
E2302	2	4	3	6	3	1	100	2				
E2303	2	4	3	6	3	0	100	2				
E2304	2	4	3	6	3	1	100	2				
E2305	3	4	5	6	3	0	100	2				
E2306	3	4	5	6	3	0	100	2				
E2307	3	4	5	6	3	0	100	2				
E2308	3	4	5	6	3	0	100	2				
E2309	3	4	5	6	3	0	100	2				
E2310	3	4	5	6	3	0	100	2				
E2311	3	4	5	6	3	0	100	2				
E2312	3	4	5	6	3	0	100	2				
E2313	3	4	5	6	3	0	100	2				
E2314	3	4	5	6	3	0	100	2				
E2315	3	4	5	6	3	0	100	2				
E2316	3	4	5	6	3	0	100	2				
E2317	3	4	5	6	3	0	100	2				
E2318	3	4	5	6	3	0	100	2				
E2319	3	4	5	6	3	0	100	2				
E2320	3	4	5	6	3	0	100	2				
E2321	3	4	5	6	3	0	100	2				
E2322	3	4	5	6	3	0	100	2				
E2323	3	4	5	6	3	0	100	2				
E2324	3	4	5	6	3	0	100	2				
E2325	3	4	5	6	3	0	100	2				
E2326	3	4	5	6	3	0	100	2				
E2327	3	4	5	6	3	0	100	2				
E2328	3	4	5	6	3	0	100	2				
E2329	3	4	5	6	3	0	100	2				
E2330	3	4	5	6	3	0	100	2				
E2331	3	4	5	6	3	0	100	2				
E2332	3	4	5	6	3	0	100	2				
E2333	3	4	5	6	3	0	100	2				
E2334	3	4	5	6	3	0	100	2				
E2335	3	4	5	6	3	0	100	2				
E2336	3	4	5	6	3	0	100	2				
E2337	3	4	5	6	3	0	100	2				
E2338	3	4	5	6	3	0	100	2				
E2339	3	4	5	6	3	0	100	2				
E2340	3	4	5	6	3	0	100	2				
E2341	3	4	5	6	3	0	100	2				
E2342	3	4	5	6	3	0	100	2				
E2343	3	4	5	6	3	0	100	2				
E2344	3	4	5	6	3	0	100	2				
E2345	3	4	5	6	3	0	100	2				
E2346	3	4	5	6	3	0	100	2				
E2347	3	4	5	6	3	0	100	2				
E2348	3	4	5	6	3	0	100	2				
E2349	3	4	5	6	3	0	100	2				
E2350	3	4	5	6	3	0	100	2				
#硬质合金分组脉冲加工与钢相同												
E3300	2	4	3	6	3	1	100	2				
E3301	2	4	3	6	3	1	100	2				
E3302	2	4	3	6	3	1	100	2				
E3303	2	4	3	6	3	0	100	2				
E3304	2	4	3	6	3	1	100	2				
E3305	3	4	5	6	3	0	100	2				
E3306	3	4	5	6	3	0	100	2				
E3307	3	4	5	6	3	0	100	2				
E3308	3	4	5	6	3	0	100	2				
E3309	3	4	5	6	3	0	100	2				
E3310	3	4	5	6	3	0	100	2				
E3311	3	4	5	6	3	0	100	2				
E3312	3	4	5	6	3	0	100	2				
E3313	3	4	5	6	3	0	100	2				
E3314	3	4	5	6	3	0	100	2				
E3315	3	4	5	6	3	0	100	2				
E3316	3	4	5	6	3	0	100	2				
E3317	3	4	5	6	3	0	100	2				
E3318	3	4	5	6	3	0	100	2				
E3319	3	4	5	6	3	0	100	2				
E3320	3	4	5	6	3	0	100	2				
E3321	3	4	5	6	3	0	100	2				
E3322	3	4	5	6	3	0	100	2				
E3323	3	4	5	6	3	0	100	2				
E3324	3	4	5	6	3	0	100	2				
E3325	3	4	5	6	3	0	100	2				
E3326	3	4	5	6	3	0	100	2				
E3327	3	4	5	6	3	0	100	2				
E3328	3	4	5	6	3	0	100	2				
E3329	3	4	5	6	3	0	100	2				
E3330	3	4	5	6	3	0	100	2				
E3331	3	4	5	6	3	0	100	2				
E3332	3	4	5	6	3	0	100	2				
E3333	3	4	5	6	3	0	100	2				
E3334	3	4	5	6	3	0	100	2				
E3335	3	4	5	6	3	0	100	2				
E3336	3	4	5	6	3	0	100	2				
E3337	3	4	5	6	3	0	100	2				
E3338	3	4	5	6	3	0	100	2				
E3339	3	4	5	6	3	0	100	2				
E3340	3	4	5	6	3	0	100	2				
E3341	3	4	5	6	3	0	100	2				
E3342	3	4	5	6	3	0	100	2				
E3343	3	4	5	6	3	0	100	2				
E3344	3	4	5	6	3	0	100	2				
E3345	3	4	5	6	3	0	100	2				
E3346	3	4	5	6	3	0	100	2				
E3347	3	4	5	6	3	0	100	2				
E3348	3	4	5	6	3	0	100	2				
E3349	3	4	5	6	3	0	100	2				
E3350	3	4	5	6	3	0	100	2				
"#小于等于0.13细丝0-90mm,精加工"												
E7000	2	19	2	3	3	0	0	2				
E7001	2	19	2	3	3	0	0	2				
E7002	3	19	2	4	3	0	0	2				
E7003	3	29	3	4	3	0	0	2				
E7004	6	29	3	4	3	0	0	2				
E7005	8	39	3	5	3	0	0	2				
E7006	9	39	3	5	3	0	0	2				
E7007	10	39	3	6	3	0	0	2				
E7008	10	49	4	6	3	0	0	2				
E7009	11	59	4	6	3	0	0	2				
"#小于等于0.13细丝100-500mm,扩展自7009"												
E7010	11	59	4	6	3	0	0	2				
E7011	11	59	4	6	3	0	0	2				
E7012	11	59	4	6	3	0	0	2				
E7013	11	59	4	6	3	0	0	2				
E7014	11	59	4	6	3	0	0	2				
E7015	11	59	4	6	3	0	0	2				
E7016	11	59	4	6	3	0	0	2				
E7017	11	59	4	6	3	0	0	2				
E7018	11	59	4	6	3	0	0	2				
E7019	11	59	4	6	3	0	0	2				
E7020	11	59	4	6	3	0	0	2				
E7021	11	59	4	6	3	0	0	2				
E7022	11	59	4	6	3	0	0	2				
E7023	11	59	4	6	3	0	0	2				
E7024	11	59	4	6	3	0	0	2				
E7025	11	59	4	6	3	0	0	2				
E7026	11	59	4	6	3	0	0	2				
E7027	11	59	4	6	3	0	0	2				
E7028	11	59	4	6	3	0	0	2				
E7029	11	59	4	6	3	0	0	2				
E7030	11	59	4	6	3	0	0	2				
E7031	11	59	4	6	3	0	0	2				
E7032	11	59	4	6	3	0	0	2				
E7033	11	59	4	6	3	0	0	2				
E7034	11	59	4	6	3	0	0	2				
E7035	11	59	4	6	3	0	0	2				
E7036	11	59	4	6	3	0	0	2				
E7037	11	59	4	6	3	0	0	2				
E7038	11	59	4	6	3	0	0	2				
E7039	11	59	4	6	3	0	0	2				
E7040	11	59	4	6	3	0	0	2				
E7041	11	59	4	6	3	0	0	2				
E7042	11	59	4	6	3	0	0	2				
E7043	11	59	4	6	3	0	0	2				
E7044	11	59	4	6	3	0	0	2				
E7045	11	59	4	6	3	0	0	2				
E7046	11	59	4	6	3	0	0	2				
E7047	11	59	4	6	3	0	0	2				
E7048	11	59	4	6	3	0	0	2				
E7049	11	59	4	6	3	0	0	2				
E7050	11	59	4	6	3	0	0	2				
"#小于等于0.13细丝0-90mm,中加工"												
E7100	2	19	2	3	3	0	0	2				
E7101	2	19	2	3	3	0	0	2				
E7102	3	19	2	4	3	0	0	2				
E7103	3	29	3	4	3	0	0	2				
E7104	6	29	3	4	3	0	0	2				
E7105	8	39	3	5	3	0	0	2				
E7106	9	39	3	5	3	0	0	2				
E7107	10	39	3	6	3	0	0	2				
E7108	10	49	4	6	3	0	0	2				
E7109	11	59	4	6	3	0	0	2				
E7110	11	59	4	6	3	0	0	2				
E7111	11	59	4	6	3	0	0	2				
E7112	11	59	4	6	3	0	0	2				
E7113	11	59	4	6	3	0	0	2				
E7114	11	59	4	6	3	0	0	2				
E7115	11	59	4	6	3	0	0	2				
E7116	11	59	4	6	3	0	0	2				
E7117	11	59	4	6	3	0	0	2				
E7118	11	59	4	6	3	0	0	2				
E7119	11	59	4	6	3	0	0	2				
E7120	11	59	4	6	3	0	0	2				
E7121	11	59	4	6	3	0	0	2				
E7122	11	59	4	6	3	0	0	2				
E7123	11	59	4	6	3	0	0	2				
E7124	11	59	4	6	3	0	0	2				
E7125	11	59	4	6	3	0	0	2				
E7126	11	59	4	6	3	0	0	2				
E7127	11	59	4	6	3	0	0	2				
E7128	11	59	4	6	3	0	0	2				
E7129	11	59	4	6	3	0	0	2				
E7130	11	59	4	6	3	0	0	2				
E7131	11	59	4	6	3	0	0	2				
E7132	11	59	4	6	3	0	0	2				
E7133	11	59	4	6	3	0	0	2				
E7134	11	59	4	6	3	0	0	2				
E7135	11	59	4	6	3	0	0	2				
E7136	11	59	4	6	3	0	0	2				
E7137	11	59	4	6	3	0	0	2				
E7138	11	59	4	6	3	0	0	2				
E7139	11	59	4	6	3	0	0	2				
E7140	11	59	4	6	3	0	0	2				
E7141	11	59	4	6	3	0	0	2				
E7142	11	59	4	6	3	0	0	2				
E7143	11	59	4	6	3	0	0	2				
E7144	11	59	4	6	3	0	0	2				
E7145	11	59	4	6	3	0	0	2				
E7146	11	59	4	6	3	0	0	2				
E7147	11	59	4	6	3	0	0	2				
E7148	11	59	4	6	3	0	0	2				
E7149	11	59	4	6	3	0	0	2				
E7150	11	59	4	6	3	0	0	2				
"#小于等于0.13细丝0-90mm,粗加工"												
E7200	2	19	2	3	3	0	0	2				
E7201	2	19	2	3	3	0	0	2				
E7202	3	19	2	4	3	0	0	2				
E7203	3	29	3	4	3	0	0	2				
E7204	6	29	3	4	3	0	0	2				
E7205	8	39	3	5	3	0	0	2				
E7206	9	39	3	5	3	0	0	2				
E7207	10	39	3	6	3	0	0	2				
E7208	10	49	4	6	3	0	0	2				
E7209	11	59	4	6	3	0	0	2				
E7210	11	59	4	6	3	0	0	2				
E7211	11	59	4	6	3	0	0	2				
E7212	11	59	4	6	3	0	0	2				
E7213	11	59	4	6	3	0	0	2				
E7214	11	59	4	6	3	0	0	2				
E7215	11	59	4	6	3	0	0	2				
E7216	11	59	4	6	3	0	0	2				
E7217	11	59	4	6	3	0	0	2				
E7218	11	59	4	6	3	0	0	2				
E7219	11	59	4	6	3	0	0	2				
E7220	11	59	4	6	3	0	0	2				
E7221	11	59	4	6	3	0	0	2				
E7222	11	59	4	6	3	0	0	2				
E7223	11	59	4	6	3	0	0	2				
E7224	11	59	4	6	3	0	0	2				
E7225	11	59	4	6	3	0	0	2				
E7226	11	59	4	6	3	0	0	2				
E7227	11	59	4	6	3	0	0	2				
E7228	11	59	4	6	3	0	0	2				
E7229	11	59	4	6	3	0	0	2				
E7230	11	59	4	6	3	0	0	2				
E7231	11	59	4	6	3	0	0	2				
E7232	11	59	4	6	3	0	0	2				
E7233	11	59	4	6	3	0	0	2				
E7234	11	59	4	6	3	0	0	2				
E7235	11	59	4	6	3	0	0	2				
E7236	11	59	4	6	3	0	0	2				
E7237	11	59	4	6	3	0	0	2				
E7238	11	59	4	6	3	0	0	2				
E7239	11	59	4	6	3	0	0	2				
E7240	11	59	4	6	3	0	0	2				
E7241	11	59	4	6	3	0	0	2				
E7242	11	59	4	6	3	0	0	2				
E7243	11	59	4	6	3	0	0	2				
E7244	11	59	4	6	3	0	0	2				
E7245	11	59	4	6	3	0	0	2				
E7246	11	59	4	6	3	0	0	2				
E7247	11	59	4	6	3	0	0	2				
E7248	11	59	4	6	3	0	0	2				
E7249	11	59	4	6	3	0	0	2				
E7250	11	59	4	6	3	0	0	2				
"#小于等于0.13细丝0-90mm,分组加工"												
E7300	2	19	2	3	3	0	0	2				
E7301	2	19	2	3	3	0	0	2				
E7302	3	19	2	4	3	0	0	2				
E7303	3	29	3	4	3	0	0	2				
E7304	6	29	3	4	3	0	0	2				
E7305	8	39	3	5	3	0	0	2				
E7306	9	39	3	5	3	0	0	2				
E7307	10	39	3	6	3	0	0	2				
E7308	10	49	4	6	3	0	0	2				
E7309	11	59	4	6	3	0	0	2				
E7310	11	59	4	6	3	0	0	2				
E7311	11	59	4	6	3	0	0	2				
E7312	11	59	4	6	3	0	0	2				
E7313	11	59	4	6	3	0	0	2				
E7314	11	59	4	6	3	0	0	2				
E7315	11	59	4	6	3	0	0	2				
E7316	11	59	4	6	3	0	0	2				
E7317	11	59	4	6	3	0	0	2				
E7318	11	59	4	6	3	0	0	2				
E7319	11	59	4	6	3	0	0	2				
E7320	11	59	4	6	3	0	0	2				
E7321	11	59	4	6	3	0	0	2				
E7322	11	59	4	6	3	0	0	2				
E7323	11	59	4	6	3	0	0	2				
E7324	11	59	4	6	3	0	0	2				
E7325	11	59	4	6	3	0	0	2				
E7326	11	59	4	6	3	0	0	2				
E7327	11	59	4	6	3	0	0	2				
E7328	11	59	4	6	3	0	0	2				
E7329	11	59	4	6	3	0	0	2				
E7330	11	59	4	6	3	0	0	2				
E7331	11	59	4	6	3	0	0	2				
E7332	11	59	4	6	3	0	0	2				
E7333	11	59	4	6	3	0	0	2				
E7334	11	59	4	6	3	0	0	2				
E7335	11	59	4	6	3	0	0	2				
E7336	11	59	4	6	3	0	0	2				
E7337	11	59	4	6	3	0	0	2				
E7338	11	59	4	6	3	0	0	2				
E7339	11	59	4	6	3	0	0	2				
E7340	11	59	4	6	3	0	0	2				
E7341	11	59	4	6	3	0	0	2				
E7342	11	59	4	6	3	0	0	2				
E7343	11	59	4	6	3	0	0	2				
E7344	11	59	4	6	3	0	0	2				
E7345	11	59	4	6	3	0	0	2				
E7346	11	59	4	6	3	0	0	2				
E7347	11	59	4	6	3	0	0	2				
E7348	11	59	4	6	3	0	0	2				
E7349	11	59	4	6	3	0	0	2				
E7350	11	59	4	6	3	0	0	2				
#铜精加工0-200mm												
E2000	4	19	3	8	3	0	0	3				
E2001	4	19	3	8	3	0	0	3				
E2002	5	29	4	8	3	0	0	3				
E2003	8	39	4	8	3	0	0	3				
E2004	10	44	4	8	3	0	0	3				
E2005	8	49	5	8	3	0	0	3				
E2006	9	54	5	8	3	0	0	3				
E2007	10	54	5	8	3	0	0	3				
E2008	8	54	6	8	3	0	0	3				
E2009	9	64	6	8	3	0	0	3				
E2010	10	74	6	8	3	0	0	3				
E2013	13	104	7	8	3	0	0	3				
E2016	16	129	8	9	3	0	0	3				
#铜精加工200-500mm，扩展自2016												
E2017	16	129	8	9	3	0	0	3				
E2018	16	129	8	9	3	0	0	3				
E2019	16	129	8	9	3	0	0	3				
E2020	16	129	8	9	3	0	0	3				
E2021	16	129	8	9	3	0	0	3				
E2022	16	129	8	9	3	0	0	3				
E2023	16	129	8	9	3	0	0	3				
E2024	16	129	8	9	3	0	0	3				
E2025	16	129	8	9	3	0	0	3				
E2026	16	129	8	9	3	0	0	3				
E2027	16	129	8	9	3	0	0	3				
E2028	16	129	8	9	3	0	0	3				
E2029	16	129	8	9	3	0	0	3				
E2030	16	129	8	9	3	0	0	3				
E2031	16	129	8	9	3	0	0	3				
E2032	16	129	8	9	3	0	0	3				
E2033	16	129	8	9	3	0	0	3				
E2034	16	129	8	9	3	0	0	3				
E2035	16	129	8	9	3	0	0	3				
E2036	16	129	8	9	3	0	0	3				
E2037	16	129	8	9	3	0	0	3				
E2038	16	129	8	9	3	0	0	3				
E2039	16	129	8	9	3	0	0	3				
E2040	16	129	8	9	3	0	0	3				
E2041	16	129	8	9	3	0	0	3				
E2042	16	129	8	9	3	0	0	3				
E2043	16	129	8	9	3	0	0	3				
E2044	16	129	8	9	3	0	0	3				
E2045	16	129	8	9	3	0	0	3				
E2046	16	129	8	9	3	0	0	3				
E2047	16	129	8	9	3	0	0	3				
E2048	16	129	8	9	3	0	0	3				
E2049	16	129	8	9	3	0	0	3				
E2050	16	129	8	9	3	0	0	3				
#铜中加工0-500mm同精加工参数												
E2100	4	19	3	8	3	0	0	3				
E2101	4	19	3	8	3	0	0	3				
E2102	5	29	4	8	3	0	0	3				
E2103	8	39	4	8	3	0	0	3				
E2104	10	44	4	8	3	0	0	3				
E2105	8	49	5	8	3	0	0	3				
E2106	9	54	5	8	3	0	0	3				
E2107	10	54	5	8	3	0	0	3				
E2108	8	54	6	8	3	0	0	3				
E2109	9	64	6	8	3	0	0	3				
E2110	10	74	6	8	3	0	0	3				
E2113	13	104	7	8	3	0	0	3				
E2116	16	129	8	9	3	0	0	3				
E2117	16	129	8	9	3	0	0	3				
E2118	16	129	8	9	3	0	0	3				
E2119	16	129	8	9	3	0	0	3				
E2120	16	129	8	9	3	0	0	3				
E2121	16	129	8	9	3	0	0	3				
E2122	16	129	8	9	3	0	0	3				
E2123	16	129	8	9	3	0	0	3				
E2124	16	129	8	9	3	0	0	3				
E2125	16	129	8	9	3	0	0	3				
E2126	16	129	8	9	3	0	0	3				
E2127	16	129	8	9	3	0	0	3				
E2128	16	129	8	9	3	0	0	3				
E2129	16	129	8	9	3	0	0	3				
E2130	16	129	8	9	3	0	0	3				
E2131	16	129	8	9	3	0	0	3				
E2132	16	129	8	9	3	0	0	3				
E2133	16	129	8	9	3	0	0	3				
E2134	16	129	8	9	3	0	0	3				
E2135	16	129	8	9	3	0	0	3				
E2136	16	129	8	9	3	0	0	3				
E2137	16	129	8	9	3	0	0	3				
E2138	16	129	8	9	3	0	0	3				
E2139	16	129	8	9	3	0	0	3				
E2140	16	129	8	9	3	0	0	3				
E2141	16	129	8	9	3	0	0	3				
E2142	16	129	8	9	3	0	0	3				
E2143	16	129	8	9	3	0	0	3				
E2144	16	129	8	9	3	0	0	3				
E2145	16	129	8	9	3	0	0	3				
E2146	16	129	8	9	3	0	0	3				
E2147	16	129	8	9	3	0	0	3				
E2148	16	129	8	9	3	0	0	3				
E2149	16	129	8	9	3	0	0	3				
E2150	16	129	8	9	3	0	0	3				
#铜粗加工0-500mm同精加工参数												
E2200	4	19	3	8	3	0	0	3				
E2201	4	19	3	8	3	0	0	3				
E2202	5	29	4	8	3	0	0	3				
E2203	8	39	4	8	3	0	0	3				
E2204	10	44	4	8	3	0	0	3				
E2205	8	49	5	8	3	0	0	3				
E2206	9	54	5	8	3	0	0	3				
E2207	10	54	5	8	3	0	0	3				
E2208	8	54	6	8	3	0	0	3				
E2209	9	64	6	8	3	0	0	3				
E2210	10	74	6	8	3	0	0	3				
E2213	13	104	7	8	3	0	0	3				
E2216	16	129	8	9	3	0	0	3				
E2217	16	129	8	9	3	0	0	3				
E2218	16	129	8	9	3	0	0	3				
E2219	16	129	8	9	3	0	0	3				
E2220	16	129	8	9	3	0	0	3				
E2221	16	129	8	9	3	0	0	3				
E2222	16	129	8	9	3	0	0	3				
E2223	16	129	8	9	3	0	0	3				
E2224	16	129	8	9	3	0	0	3				
E2225	16	129	8	9	3	0	0	3				
E2226	16	129	8	9	3	0	0	3				
E2227	16	129	8	9	3	0	0	3				
E2228	16	129	8	9	3	0	0	3				
E2229	16	129	8	9	3	0	0	3				
E2230	16	129	8	9	3	0	0	3				
E2231	16	129	8	9	3	0	0	3				
E2232	16	129	8	9	3	0	0	3				
E2233	16	129	8	9	3	0	0	3				
E2234	16	129	8	9	3	0	0	3				
E2235	16	129	8	9	3	0	0	3				
E2236	16	129	8	9	3	0	0	3				
E2237	16	129	8	9	3	0	0	3				
E2238	16	129	8	9	3	0	0	3				
E2239	16	129	8	9	3	0	0	3				
E2240	16	129	8	9	3	0	0	3				
E2241	16	129	8	9	3	0	0	3				
E2242	16	129	8	9	3	0	0	3				
E2243	16	129	8	9	3	0	0	3				
E2244	16	129	8	9	3	0	0	3				
E2245	16	129	8	9	3	0	0	3				
E2246	16	129	8	9	3	0	0	3				
E2247	16	129	8	9	3	0	0	3				
E2248	16	129	8	9	3	0	0	3				
E2249	16	129	8	9	3	0	0	3				
E2250	16	129	8	9	3	0	0	3				
#铝中加工0-60mm												
E1100	6	29	3	6	3	0	0	2				
E1101	6	29	3	6	3	0	0	2				
E1102	9	29	3	6	3	0	0	2				
E1103	10	29	3	6	3	0	0	2				
E1104	11	29	3	6	3	0	0	2				
E1105	12	29	3	6	3	0	0	2				
E1106	13	29	3	6	3	0	0	2				
#铝中加工60-500mm，复制1106												
E1107	17	79	5	6	3	0	0	2				
E1108	17	79	5	6	3	0	0	2				
E1109	17	79	5	6	3	0	0	2				
E1110	17	79	5	6	3	0	0	2				
E1111	17	79	5	6	3	0	0	2				
E1112	17	79	5	6	3	0	0	2				
E1113	17	79	5	6	3	0	0	2				
E1114	17	79	5	6	3	0	0	2				
E1115	17	79	5	6	3	0	0	2				
E1116	17	79	5	6	3	0	0	2				
E1117	17	79	5	6	3	0	0	2				
E1118	17	79	5	6	3	0	0	2				
E1119	17	79	5	6	3	0	0	2				
E1120	17	79	6	6	3	0	0	2				
E1121	17	79	6	6	3	0	0	2				
E1122	17	79	6	6	3	0	0	2				
E1123	17	79	6	6	3	0	0	2				
E1124	17	79	6	6	3	0	0	2				
E1125	17	79	6	6	3	0	0	2				
E1126	17	79	6	6	3	0	0	2				
E1127	17	79	6	6	3	0	0	2				
E1128	17	79	6	6	3	0	0	2				
E1129	17	79	6	6	3	0	0	2				
E1130	25	99	7	6	3	0	0	2				
E1131	25	99	7	6	3	0	0	2				
E1132	25	99	7	6	3	0	0	2				
E1133	25	99	7	6	3	0	0	2				
E1134	25	99	7	6	3	0	0	2				
E1135	25	99	7	6	3	0	0	2				
E1136	25	99	7	6	3	0	0	2				
E1137	25	99	7	6	3	0	0	2				
E1138	25	99	7	6	3	0	0	2				
E1139	25	99	7	6	3	0	0	2				
E1140	25	99	8	6	3	0	0	2				
E1141	25	99	8	6	3	0	0	2				
E1142	25	99	8	6	3	0	0	2				
E1143	25	99	8	6	3	0	0	2				
E1144	25	99	8	6	3	0	0	2				
E1145	25	99	8	6	3	0	0	2				
E1146	25	99	8	6	3	0	0	2				
E1147	25	99	8	6	3	0	0	2				
E1148	25	99	8	6	3	0	0	2				
E1149	25	99	8	6	3	0	0	2				
E1150	25	99	8	6	3	0	0	2				
#铝精加工0-500mm同中加工												
E1000	6	29	3	6	3	0	0	2				
E1001	6	29	3	6	3	0	0	2				
E1002	9	29	3	6	3	0	0	2				
E1003	10	29	3	6	3	0	0	2				
E1004	11	29	3	6	3	0	0	2				
E1005	12	29	3	6	3	0	0	2				
E1006	13	29	3	6	3	0	0	2				
E1007	17	79	5	6	3	0	0	2				
E1008	17	79	5	6	3	0	0	2				
E1009	17	79	5	6	3	0	0	2				
E1010	17	79	5	6	3	0	0	2				
E1011	17	79	5	6	3	0	0	2				
E1012	17	79	5	6	3	0	0	2				
E1013	17	79	5	6	3	0	0	2				
E1014	17	79	5	6	3	0	0	2				
E1015	17	79	5	6	3	0	0	2				
E1016	17	79	5	6	3	0	0	2				
E1017	17	79	5	6	3	0	0	2				
E1018	17	79	5	6	3	0	0	2				
E1019	17	79	5	6	3	0	0	2				
E1020	17	79	6	6	3	0	0	2				
E1021	17	79	6	6	3	0	0	2				
E1022	17	79	6	6	3	0	0	2				
E1023	17	79	6	6	3	0	0	2				
E1024	17	79	6	6	3	0	0	2				
E1025	17	79	6	6	3	0	0	2				
E1026	17	79	6	6	3	0	0	2				
E1027	17	79	6	6	3	0	0	2				
E1028	17	79	6	6	3	0	0	2				
E1029	17	79	6	6	3	0	0	2				
E1030	25	99	7	6	3	0	0	2				
E1031	25	99	7	6	3	0	0	2				
E1032	25	99	7	6	3	0	0	2				
E1033	25	99	7	6	3	0	0	2				
E1034	25	99	7	6	3	0	0	2				
E1035	25	99	7	6	3	0	0	2				
E1036	25	99	7	6	3	0	0	2				
E1037	25	99	7	6	3	0	0	2				
E1038	25	99	7	6	3	0	0	2				
E1039	25	99	7	6	3	0	0	2				
E1040	25	99	8	6	3	0	0	2				
E1041	25	99	8	6	3	0	0	2				
E1042	25	99	8	6	3	0	0	2				
E1043	25	99	8	6	3	0	0	2				
E1044	25	99	8	6	3	0	0	2				
E1045	25	99	8	6	3	0	0	2				
E1046	25	99	8	6	3	0	0	2				
E1047	25	99	8	6	3	0	0	2				
E1048	25	99	8	6	3	0	0	2				
E1049	25	99	8	6	3	0	0	2				
E1050	25	99	8	6	3	0	0	2				
#铝粗加工0-500mm同中加工												
E1200	6	29	3	6	3	0	0	2				
E1201	6	29	3	6	3	0	0	2				
E1202	9	29	3	6	3	0	0	2				
E1203	10	29	3	6	3	0	0	2				
E1204	11	29	3	6	3	0	0	2				
E1205	12	29	3	6	3	0	0	2				
E1206	13	29	3	6	3	0	0	2				
E1207	17	79	5	6	3	0	0	2				
E1208	17	79	5	6	3	0	0	2				
E1209	17	79	5	6	3	0	0	2				
E1210	17	79	5	6	3	0	0	2				
E1211	17	79	5	6	3	0	0	2				
E1212	17	79	5	6	3	0	0	2				
E1213	17	79	5	6	3	0	0	2				
E1214	17	79	5	6	3	0	0	2				
E1215	17	79	5	6	3	0	0	2				
E1216	17	79	5	6	3	0	0	2				
E1217	17	79	5	6	3	0	0	2				
E1218	17	79	5	6	3	0	0	2				
E1219	17	79	5	6	3	0	0	2				
E1220	17	79	6	6	3	0	0	2				
E1221	17	79	6	6	3	0	0	2				
E1222	17	79	6	6	3	0	0	2				
E1223	17	79	6	6	3	0	0	2				
E1224	17	79	6	6	3	0	0	2				
E1225	17	79	6	6	3	0	0	2				
E1226	17	79	6	6	3	0	0	2				
E1227	17	79	6	6	3	0	0	2				
E1228	17	79	6	6	3	0	0	2				
E1229	17	79	6	6	3	0	0	2				
E1230	25	99	7	6	3	0	0	2				
E1231	25	99	7	6	3	0	0	2				
E1232	25	99	7	6	3	0	0	2				
E1233	25	99	7	6	3	0	0	2				
E1234	25	99	7	6	3	0	0	2				
E1235	25	99	7	6	3	0	0	2				
E1236	25	99	7	6	3	0	0	2				
E1237	25	99	7	6	3	0	0	2				
E1238	25	99	7	6	3	0	0	2				
E1239	25	99	7	6	3	0	0	2				
E1240	25	99	8	6	3	0	0	2				
E1241	25	99	8	6	3	0	0	2				
E1242	25	99	8	6	3	0	0	2				
E1243	25	99	8	6	3	0	0	2				
E1244	25	99	8	6	3	0	0	2				
E1245	25	99	8	6	3	0	0	2				
E1246	25	99	8	6	3	0	0	2				
E1247	25	99	8	6	3	0	0	2				
E1248	25	99	8	6	3	0	0	2				
E1249	25	99	8	6	3	0	0	2				
E1250	25	99	8	6	3	0	0	2				
#多次切割钢												
E9001	17	79	6	4	3	0	0	2				
E9002	6	39	3	4	1	0	0	2				
E9003	2	29	2	4	0	0	0	2				
E9004	1	19	1	4	0	0	0	2				
E9005	1	19	1	4	0	0	0	2				
E9006	1	19	1	4	0	0	0	2				
E9011	17	79	6	4	3	0	0	2				
E9012	6	39	3	4	1	0	0	2				
E9013	2	29	2	4	0	0	0	2				
E9014	1	19	1	4	0	0	0	2				
E9015	1	19	1	4	0	0	0	2				
E9016	1	19	1	4	0	0	0	2				
E9021	50	250	8	4	3	0	0	2				
E9022	6	39	3	2	1	0	0	2				
E9023	2	5	2	2	0	0	0	2				
E9024	1	3	1	1	0	0	0	0				
E9025	0	3	1	1	0	0	0	0				
E9026	0	3	1	1	0	0	0	0				
E9031	50	250	8	4	3	0	0	2				
E9032	6	39	3	2	1	0	0	2				
E9033	2	5	2	2	0	0	0	2				
E9034	1	3	1	1	0	0	0	0				
E9035	0	3	1	1	0	0	0	0				
E9036	0	3	1	1	0	0	0	0				
E9041	50	250	8	4	3	0	0	2				
E9042	6	39	3	2	1	0	0	2				
E9043	2	5	2	2	0	0	0	2				
E9044	1	3	1	1	0	0	0	0				
E9045	0	3	1	1	0	0	0	0				
E9046	0	3	1	1	0	0	0	0				
E9051	50	250	8	4	3	0	0	2				
E9052	6	39	3	2	1	0	0	2				
E9053	2	5	2	2	0	0	0	2				
E9054	1	3	1	1	0	0	0	0				
E9055	0	3	1	1	0	0	0	0				
E9056	0	3	1	1	0	0	0	0				
E9061	50	250	8	4	3	0	0	2				
E9062	6	39	3	2	1	0	0	2				
E9063	2	5	2	2	0	0	0	2				
E9064	1	3	1	1	0	0	0	0				
E9065	0	3	1	1	0	0	0	0				
E9066	0	3	1	1	0	0	0	0				
E9071	50	250	8	4	3	0	0	2				
E9072	6	39	3	2	1	0	0	2				
E9073	2	5	2	2	0	0	0	2				
E9074	1	3	1	1	0	0	0	0				
E9075	0	3	1	1	0	0	0	0				
E9076	0	3	1	1	0	0	0	0				
E9081	50	250	8	4	3	0	0	2				
E9082	6	39	3	2	1	0	0	2				
E9083	2	5	2	2	0	0	0	2				
E9084	1	3	1	1	0	0	0	0				
E9085	0	3	1	1	0	0	0	0				
E9086	0	3	1	1	0	0	0	0				
E9091	25	99	8	5	3	0	0	2				
E9092	6	39	3	2	1	0	0	2				
E9093	2	5	2	2	0	0	0	2				
E9094	1	3	1	1	0	0	0	0				
E9095	0	3	1	1	0	0	0	0				
E9096	0	3	1	1	0	0	0	0				
#多次切割铝，与钢一样												
E9101	17	79	6	4	3	0	0	2				
E9102	6	39	3	4	1	0	0	2				
E9103	2	29	2	4	0	0	0	2				
E9104	1	19	1	4	0	0	0	2				
E9105	1	19	1	4	0	0	0	2				
E9106	1	19	1	4	0	0	0	2				
E9111	17	79	6	4	3	0	0	2				
E9112	6	39	3	4	1	0	0	2				
E9113	2	29	2	4	0	0	0	2				
E9114	1	19	1	4	0	0	0	2				
E9115	1	19	1	4	0	0	0	2				
E9116	1	19	1	4	0	0	0	2				
E9121	50	250	8	4	3	0	0	2				
E9122	6	39	3	2	1	0	0	2				
E9123	2	5	2	2	0	0	0	2				
E9124	1	3	1	1	0	0	0	0				
E9125	0	3	1	1	0	0	0	0				
E9126	0	3	1	1	0	0	0	0				
E9131	50	250	8	4	3	0	0	2				
E9132	6	39	3	2	1	0	0	2				
E9133	2	5	2	2	0	0	0	2				
E9134	1	3	1	1	0	0	0	0				
E9135	0	3	1	1	0	0	0	0				
E9136	0	3	1	1	0	0	0	0				
E9141	50	250	8	4	3	0	0	2				
E9142	6	39	3	2	1	0	0	2				
E9143	2	5	2	2	0	0	0	2				
E9144	1	3	1	1	0	0	0	0				
E9145	0	3	1	1	0	0	0	0				
E9146	0	3	1	1	0	0	0	0				
E9151	50	250	8	4	3	0	0	2				
E9152	6	39	3	2	1	0	0	2				
E9153	2	5	2	2	0	0	0	2				
E9154	1	3	1	1	0	0	0	0				
E9155	0	3	1	1	0	0	0	0				
E9156	0	3	1	1	0	0	0	0				
E9161	50	250	8	4	3	0	0	2				
E9162	6	39	3	2	1	0	0	2				
E9163	2	5	2	2	0	0	0	2				
E9164	1	3	1	1	0	0	0	0				
E9165	0	3	1	1	0	0	0	0				
E9166	0	3	1	1	0	0	0	0				
E9171	50	250	8	4	3	0	0	2				
E9172	6	39	3	2	1	0	0	2				
E9173	2	5	2	2	0	0	0	2				
E9174	1	3	1	1	0	0	0	0				
E9175	0	3	1	1	0	0	0	0				
E9176	0	3	1	1	0	0	0	0				
E9181	50	250	8	4	3	0	0	2				
E9182	6	39	3	2	1	0	0	2				
E9183	2	5	2	2	0	0	0	2				
E9184	1	3	1	1	0	0	0	0				
E9185	0	3	1	1	0	0	0	0				
E9186	0	3	1	1	0	0	0	0				
E9191	25	99	8	5	3	0	0	2				
E9192	6	39	3	2	1	0	0	2				
E9193	2	5	2	2	0	0	0	2				
E9194	1	3	1	1	0	0	0	0				
E9195	0	3	1	1	0	0	0	0				
E9196	0	3	1	1	0	0	0	0				
#多次切割铜，与钢一样												
E9201	17	79	6	4	3	0	0	2				
E9202	6	39	3	4	1	0	0	2				
E9203	2	29	2	4	0	0	0	2				
E9204	1	19	1	4	0	0	0	2				
E9205	1	19	1	4	0	0	0	2				
E9206	1	19	1	4	0	0	0	2				
E9211	17	79	6	4	3	0	0	2				
E9212	6	39	3	4	1	0	0	2				
E9213	2	29	2	4	0	0	0	2				
E9214	1	19	1	4	0	0	0	2				
E9215	1	19	1	4	0	0	0	2				
E9216	1	19	1	4	0	0	0	2				
E9221	50	250	8	4	3	0	0	2				
E9222	6	39	3	2	1	0	0	2				
E9223	2	5	2	2	0	0	0	2				
E9224	1	3	1	1	0	0	0	0				
E9225	0	3	1	1	0	0	0	0				
E9226	0	3	1	1	0	0	0	0				
E9231	50	250	8	4	3	0	0	2				
E9232	6	39	3	2	1	0	0	2				
E9233	2	5	2	2	0	0	0	2				
E9234	1	3	1	1	0	0	0	0				
E9235	0	3	1	1	0	0	0	0				
E9236	0	3	1	1	0	0	0	0				
E9241	50	250	8	4	3	0	0	2				
E9242	6	39	3	2	1	0	0	2				
E9243	2	5	2	2	0	0	0	2				
E9244	1	3	1	1	0	0	0	0				
E9245	0	3	1	1	0	0	0	0				
E9246	0	3	1	1	0	0	0	0				
E9251	50	250	8	4	3	0	0	2				
E9252	6	39	3	2	1	0	0	2				
E9253	2	5	2	2	0	0	0	2				
E9254	1	3	1	1	0	0	0	0				
E9255	0	3	1	1	0	0	0	0				
E9256	0	3	1	1	0	0	0	0				
E9261	50	250	8	4	3	0	0	2				
E9262	6	39	3	2	1	0	0	2				
E9263	2	5	2	2	0	0	0	2				
E9264	1	3	1	1	0	0	0	0				
E9265	0	3	1	1	0	0	0	0				
E9266	0	3	1	1	0	0	0	0				
E9271	50	250	8	4	3	0	0	2				
E9272	6	39	3	2	1	0	0	2				
E9273	2	5	2	2	0	0	0	2				
E9274	1	3	1	1	0	0	0	0				
E9275	0	3	1	1	0	0	0	0				
E9276	0	3	1	1	0	0	0	0				
E9281	50	250	8	4	3	0	0	2				
E9282	6	39	3	2	1	0	0	2				
E9283	2	5	2	2	0	0	0	2				
E9284	1	3	1	1	0	0	0	0				
E9285	0	3	1	1	0	0	0	0				
E9286	0	3	1	1	0	0	0	0				
E9291	25	99	8	5	3	0	0	2				
E9292	6	39	3	2	1	0	0	2				
E9293	2	5	2	2	0	0	0	2				
E9294	1	3	1	1	0	0	0	0				
E9295	0	3	1	1	0	0	0	0				
E9296	0	3	1	1	0	0	0	0				
#多次切割硬质合金，与钢一样												
E9301	17	79	6	4	3	0	0	2				
E9302	6	39	3	4	1	0	0	2				
E9303	2	29	2	4	0	0	0	2				
E9304	1	19	1	4	0	0	0	2				
E9305	1	19	1	4	0	0	0	2				
E9306	1	19	1	4	0	0	0	2				
E9311	17	79	6	4	3	0	0	2				
E9312	6	39	3	4	1	0	0	2				
E9313	2	29	2	4	0	0	0	2				
E9314	1	19	1	4	0	0	0	2				
E9315	1	19	1	4	0	0	0	2				
E9316	1	19	1	4	0	0	0	2				
E9321	50	250	8	4	3	0	0	2				
E9322	6	39	3	2	1	0	0	2				
E9323	2	5	2	2	0	0	0	2				
E9324	1	3	1	1	0	0	0	0				
E9325	0	3	1	1	0	0	0	0				
E9326	0	3	1	1	0	0	0	0				
E9331	50	250	8	4	3	0	0	2				
E9332	6	39	3	2	1	0	0	2				
E9333	2	5	2	2	0	0	0	2				
E9334	1	3	1	1	0	0	0	0				
E9335	0	3	1	1	0	0	0	0				
E9336	0	3	1	1	0	0	0	0				
E9341	50	250	8	4	3	0	0	2				
E9342	6	39	3	2	1	0	0	2				
E9343	2	5	2	2	0	0	0	2				
E9344	1	3	1	1	0	0	0	0				
E9345	0	3	1	1	0	0	0	0				
E9346	0	3	1	1	0	0	0	0				
E9351	50	250	8	4	3	0	0	2				
E9352	6	39	3	2	1	0	0	2				
E9353	2	5	2	2	0	0	0	2				
E9354	1	3	1	1	0	0	0	0				
E9355	0	3	1	1	0	0	0	0				
E9356	0	3	1	1	0	0	0	0				
E9361	50	250	8	4	3	0	0	2				
E9362	6	39	3	2	1	0	0	2				
E9363	2	5	2	2	0	0	0	2				
E9364	1	3	1	1	0	0	0	0				
E9365	0	3	1	1	0	0	0	0				
E9366	0	3	1	1	0	0	0	0				
E9371	50	250	8	4	3	0	0	2				
E9372	6	39	3	2	1	0	0	2				
E9373	2	5	2	2	0	0	0	2				
E9374	1	3	1	1	0	0	0	0				
E9375	0	3	1	1	0	0	0	0				
E9376	0	3	1	1	0	0	0	0				
E9381	50	250	8	4	3	0	0	2				
E9382	6	39	3	2	1	0	0	2				
E9383	2	5	2	2	0	0	0	2				
E9384	1	3	1	1	0	0	0	0				
E9385	0	3	1	1	0	0	0	0				
E9386	0	3	1	1	0	0	0	0				
E9391	25	99	8	5	3	0	0	2				
E9392	6	39	3	2	1	0	0	2				
E9393	2	5	2	2	0	0	0	2				
E9394	1	3	1	1	0	0	0	0				
E9395	0	3	1	1	0	0	0	0				
E9396	0	3	1	1	0	0	0	0				
#for 测试
E290	28	49	7	6	3	0	0	2												
												
												
												
